--- Bölüm 1 ---
-0.66
-0.12
0.57
0.31
1.17
1.37
1.58
1.79
1.89
2.07
2.20
2.36
2.44
2.56
2.73
2.92
3.01
3.20
3.37
3.47
3.61
3.78
3.90
3.94
4.04
4.04
4.16
4.27
4.45
4.54
4.67
4.60
4.72
4.80
4.87
5.01
5.19
5.19
5.26
5.36
5.38
5.50
5.53
5.50
5.51
5.51
5.38
5.53
5.68
5.72
5.88
5.98
5.96
5.94
6.35
6.29
6.32
6.11
6.07
5.69
5.56
5.54
5.69
5.73
5.71
5.74
5.58
5.56
5.45
5.40
5.36
5.43
5.33
5.30
5.22
5.20
5.04
4.89
4.78
4.68
4.68
4.62
4.60
4.45
4.35
4.07
3.94
3.78
3.55
3.33
3.09
2.94
2.81

--- Bölüm 2 ---
2.51
2.08
1.80
1.49
1.27
1.33
1.58
1.73
1.90
2.01
2.17
2.32
2.56
2.74
2.92
3.11
3.23
3.31
3.41
3.55
3.67
3.70
3.73
3.87
3.89
3.93
4.11
4.41
4.46
4.63
4.76
4.78
4.71
4.77
4.87
4.96
5.07
5.16
5.27
5.32
5.36
5.39
5.45
5.44
5.46
5.47
5.51
5.55
5.58
5.56
5.53
5.58
5.62
5.60
5.74
5.79
5.75
5.66
5.71
5.51
5.50
5.46
5.45
5.33
5.39
5.30
5.26
5.21
5.23
5.15
5.16
5.14
5.08
5.01
4.92
4.82
4.72
4.53
4.39
4.28
4.09
3.96
3.90
3.82
3.68
3.67
3.52
3.36
3.15
3.04
2.92
2.78
2.66

--- Bölüm 3 ---
2.39
2.04
1.71
1.50
1.36
1.47
1.66
1.88
2.03
2.12
2.20
2.32
2.40
2.56
2.77
2.98
3.10
3.33
3.46
3.55
3.66
3.79
3.82
3.94
4.05
4.24
4.31
4.35
4.39
4.51
4.52
4.58
4.80
4.84
4.90
4.89
4.97
5.00
5.20
5.31
5.41
5.47
5.44
5.40
5.40
5.47
5.51
5.51
5.48
5.46
5.42
5.39
5.43
5.39
5.43
5.48
5.61
5.56
5.59
5.37
5.23
5.08
5.15
5.27
5.37
5.54
5.52
5.36
5.11
5.06
4.74
4.62
4.38
4.34
4.21
4.28
4.26
4.39
4.34
4.22
4.04
3.80
3.65
3.48
3.42
3.30
3.19
3.07
2.94
2.73
2.61
2.44
2.29

--- Bölüm 4 ---
1.96
1.80
1.58
1.47
1.39
1.51
1.63
1.75
1.91
2.03
2.17
2.49
2.68
2.85
3.03
3.19
3.10
3.21
3.33
3.44
3.54
3.69
3.82
3.97
4.08
4.21
4.16
4.26
4.27
4.36
4.44
4.66
4.76
4.91
4.92
4.92
4.95
4.92
4.94
5.02
5.15
5.24
5.34
5.32
5.30
5.24
5.26
5.25
5.25
5.26
5.33
5.37
5.34
5.40
5.42
5.40
5.31
5.33
5.26
5.26
5.15
5.12
5.01
5.01
4.96
4.93
4.90
5.00
4.89
4.82
4.77
4.67
4.43
4.41
4.30
4.25
4.14
4.14
4.00
3.87
3.72
3.59
3.43
3.39
3.29
3.13
2.99
2.88
2.69
2.48
2.38
2.31
2.11

--- Bölüm 5 ---
1.94
1.78
1.69
1.56
1.55
1.67
1.83
1.90
2.04
2.18
2.20
2.43
2.60
2.79
2.98
3.17
3.15
3.27
3.37
3.45
3.60
3.78
3.93
4.04
4.21
4.32
4.41
4.50
4.57
4.65
4.66
4.76
4.78
4.89
4.94
5.06
5.10
5.19
5.21
5.21
5.19
5.27
5.30
5.32
5.28
5.33
5.30
5.26
5.22
5.36
5.32
5.39
5.33
5.45
5.39
5.44
5.32
5.36
5.25
5.22
5.10
5.07
5.03
5.05
4.99
4.96
4.91
4.80
4.56
4.44
4.36
4.24
4.24
4.24
4.17
4.11
4.03
3.88
3.77
3.71
3.59
3.47
3.29
3.17
3.07
2.92
2.79
2.71
2.52
2.24
2.13
1.98
1.80

--- Bölüm 6 ---
1.69
1.63
1.58
1.52
1.60
1.72
1.85
1.95
2.18
2.36
2.60
2.83
2.99
3.13
3.29
3.38
3.44
3.59
3.75
3.86
3.98
4.11
4.35
4.41
4.50
4.51
4.64
4.58
4.69
4.88
5.01
5.04
5.16
5.15
5.13
5.11
5.08
5.07
5.15
5.11
5.28
5.36
5.34
5.30
5.43
5.40
5.44
5.55
5.59
5.45
5.40
5.38
5.21
5.36
5.40
5.55
5.49
5.48
5.35
5.22
4.92
4.89
4.86
4.84
4.83
4.83
4.76
4.74
4.63
4.54
4.54
4.45
4.38
4.27
4.24
4.05
3.91
3.71
3.59
3.42
3.35
3.30
3.22
3.10
3.02
2.87
2.67
2.53
2.36
2.18
1.99
1.83
1.64

--- Bölüm 7 ---
1.47
1.39
1.39
1.55
1.70
1.85
2.06
2.29
2.40
2.53
2.74
2.87
3.01
3.12
3.36
3.51
3.68
3.79
3.94
4.03
4.17
4.24
4.31
4.37
4.44
4.53
4.61
4.80
4.90
4.96
4.94
4.98
4.97
5.08
5.15
5.24
5.31
5.39
5.44
5.42
5.38
5.48
5.43
5.43
5.54
5.58
5.54
5.60
5.60
5.53
5.59
5.58
5.57
5.53
5.48
5.38
5.34
5.27
5.22
5.18
5.16
5.09
5.02
5.00
4.93
4.90
4.88
4.80
4.66
4.63
4.54
4.44
4.37
4.22
4.03
3.95
3.73
3.58
3.51
3.47
3.25
3.14
3.03
2.93
2.75
2.60
2.45
2.30
2.07
1.88
1.78
1.61
1.47

--- Bölüm 8 ---
1.51
1.57
1.64
1.77
1.94
2.11
2.21
2.44
2.64
2.80
2.90
3.15
3.32
3.55
3.68
3.79
3.96
3.92
3.99
4.22
4.39
4.42
4.61
4.68
4.69
4.79
4.92
5.01
5.13
5.23
5.27
5.31
5.35
5.29
5.30
5.41
5.43
5.44
5.52
5.65
5.67
5.78
5.90
5.91
5.80
5.83
5.74
5.62
5.59
5.60
5.57
5.62
5.69
5.72
5.73
5.70
5.61
5.52
5.47
5.43
5.38
5.17
5.15
5.06
4.99
4.87
4.93
4.78
4.67
4.50
4.39
4.26
4.18
4.15
4.09
4.03
3.98
3.84
3.64
3.51
3.27
3.08
2.93
2.77
2.59
2.44
2.29
1.93
1.73
1.61
1.45
1.26
1.30

--- Bölüm 9 ---
1.41
1.38
1.56
1.76
2.07
2.16
2.36
2.51
2.72
2.93
3.12
3.34
3.55
3.74
3.87
4.00
4.12
4.26
4.36
4.39
4.53
4.57
4.71
4.81
4.98
5.10
5.31
5.33
5.50
5.61
5.61
5.67
5.69
5.67
5.71
5.83
5.86
5.93
5.91
5.87
5.91
6.01
6.03
6.03
6.06
6.03
5.87
5.87
5.97
5.96
5.90
5.96
5.89
5.83
5.79
5.70
5.61
5.54
5.48
5.40
5.36
5.27
5.26
5.16
5.10
5.04
4.82
4.63
4.52
4.35
4.27
4.30
4.20
4.13
4.05
3.91
3.89
3.83
3.74
3.63
3.53
3.34
3.17
2.92
2.75
2.51
2.34
2.15
2.05
1.83
1.62
1.43
1.23

--- Bölüm 10 ---
1.24
1.36
1.70
1.97
2.34
2.54
2.80
2.96
3.16
3.44
3.63
3.75
3.85
4.02
4.07
4.26
4.40
4.54
4.65
4.76
4.84
5.04
5.15
5.23
5.34
5.47
5.54
5.67
5.76
5.81
5.90
5.92
5.96
6.00
6.13
6.20
6.22
6.27
6.34
6.32
6.33
6.33
6.31
6.33
6.31
6.21
6.20
6.13
6.06
6.15
6.15
6.05
6.08
6.08
5.97
5.91
6.01
6.05
5.87
5.82
5.70
5.54
5.33
5.26
5.10
5.08
4.98
4.74
4.68
4.69
4.56
4.49
4.47
4.31
4.05
3.87
3.66
3.58
3.55
3.47
3.31
3.19
3.03
2.80
2.58
2.44
2.32
2.19
2.02
1.88
1.70
1.44
1.22

--- Bölüm 11 ---
1.36
1.57
1.83
2.17
2.55
2.66
2.80
2.96
3.11
3.42
3.65
3.81
3.98
4.25
4.31
4.48
4.62
4.83
4.93
5.08
5.23
5.41
5.53
5.62
5.69
5.79
5.85
5.98
6.03
6.13
6.11
6.12
6.20
6.31
6.38
6.43
6.52
6.47
6.52
6.50
6.49
6.54
6.59
6.54
6.50
6.54
6.53
6.38
6.36
6.40
6.37
6.30
6.39
6.32
6.22
6.19
6.13
6.06
6.05
5.97
5.82
5.70
5.55
5.41
5.40
5.34
5.28
5.17
5.06
4.84
4.71
4.60
4.49
4.32
4.25
4.10
3.86
3.71
3.67
3.47
3.26
3.13
2.95
2.65
2.45
2.30
2.11
1.91
1.78
1.64
1.44
1.28
1.09

--- Bölüm 12 ---
